0 FILE Bridge 1.io
0 Untitled Model
0 Name:  Bridge 1
0 Author:  Christian Gudrian
0 CustomBrick
0 NumOfBricks:  198
1 16 0.000000 0.000000 50.000000 1.000000 0.000000 0.000000 0.000000 1.000000 0.000000 0.000000 0.000000 1.000000 submodel group 3
0 STEP
1 16 511.530600 0.000400 69.999160 -1.000000 0.000000 0.000000 0.000000 1.000000 0.000000 0.000000 0.000000 -1.000000 submodel group 3
0 STEP
0 NOFILE
0 FILE SubModel Group 3
0 SubModel Group 3
0 Name:  SubModel Group 3
0 Author:  
0 CustomBrick
0 NumOfBricks:  99
1 16 -30.000000 0.000000 150.000000 1.000000 0.000000 0.000000 0.000000 1.000000 0.000000 0.000000 0.000000 1.000000 submodel group 2
0 STEP
1 16 15.765290 -174.348000 -120.000200 -1.000000 0.000000 0.000000 0.000000 1.000000 0.000000 0.000000 0.000000 -1.000000 submodel group 2_mirrored
1 7 35.765270 -325.114000 -90.000460 0.000000 0.173648 0.984808 0.000000 0.984808 -0.173648 -1.000000 0.000000 0.000000 3673.dat
1 14 -104.234800 -335.113700 -80.000430 -1.000000 0.000002 0.000000 0.000002 1.000000 0.000000 0.000000 0.000000 -1.000000 3703.dat
1 7 -124.234700 -325.113700 -90.000430 0.000000 0.173648 0.984808 0.000000 0.984808 -0.173648 -1.000000 0.000000 0.000000 3673.dat
1 7 35.765270 -325.114000 110.000500 0.000000 0.173648 0.984808 0.000000 0.984808 -0.173648 -1.000000 0.000000 0.000000 3673.dat
1 7 -124.234700 -325.113700 110.000400 0.000000 0.173648 0.984808 0.000000 0.984808 -0.173648 -1.000000 0.000000 0.000000 3673.dat
1 14 -104.234800 -335.113700 100.000400 -1.000000 0.000002 0.000000 0.000002 1.000000 0.000000 0.000000 0.000000 -1.000000 3703.dat
1 14 -224.234800 -343.113500 9.999579 0.000000 0.000000 -1.000000 0.000000 1.000000 0.000000 1.000000 0.000000 0.000000 3030.dat
1 14 155.765300 -343.114300 9.999539 0.000000 0.000000 -1.000000 0.000000 1.000000 0.000000 1.000000 0.000000 0.000000 2445.dat
1 14 255.765200 -375.114400 -100.000500 -1.000000 0.000002 0.000000 0.000002 1.000000 0.000000 0.000000 0.000000 -1.000000 3703.dat
1 14 255.765200 -399.114300 -100.000500 -1.000000 0.000000 0.000000 0.000000 1.000000 0.000000 0.000000 0.000000 -1.000000 3004.dat
1 14 255.765200 -423.114300 -100.000500 -1.000000 0.000000 0.000000 0.000000 1.000000 0.000000 0.000000 0.000000 -1.000000 3004.dat
1 16 70.000000 -348.000000 -100.000000 1.000000 0.000000 0.000000 0.000000 1.000000 0.000000 0.000000 0.000000 1.000000 wall
1 7 155.765200 -365.114100 -110.000500 -0.000001 0.173649 0.984808 0.000001 0.984808 -0.173649 -1.000000 0.000001 -0.000001 3673.dat
1 7 155.765300 -325.114200 -110.000400 -0.000001 0.173649 0.984808 0.000001 0.984808 -0.173649 -1.000000 0.000001 -0.000001 3673.dat
1 7 155.765300 -325.114300 130.000500 -0.000001 0.173649 0.984808 0.000001 0.984808 -0.173649 -1.000000 0.000001 -0.000001 3673.dat
1 7 355.765200 -365.114600 -110.000500 -0.000001 0.173649 0.984808 0.000001 0.984808 -0.173649 -1.000000 0.000001 -0.000001 3673.dat
1 14 145.765300 -345.114400 140.000500 0.000000 1.000000 0.000000 1.000000 0.000000 0.000000 0.000000 0.000000 -1.000000 3701.dat
1 14 145.765200 -345.114200 -120.000500 0.000001 1.000000 -0.000001 1.000000 -0.000001 0.000001 0.000001 -0.000001 -1.000000 3701.dat
1 14 -64.234780 -343.113800 10.000440 0.000000 0.000000 1.000000 0.000000 1.000000 0.000000 -1.000000 0.000000 0.000000 3029.dat
1 14 155.765300 -351.114300 9.999530 0.000000 0.000000 1.000000 0.000000 1.000000 0.000000 -1.000000 0.000000 0.000000 3034.dat
1 16 475.765300 -393.051800 -90.000450 1.000000 0.000000 0.000000 0.000000 1.000000 0.000000 0.000000 0.000000 1.000000 wall_mirrored
0 STEP
0 NOFILE
0 FILE SubModel Group 2
0 SubModel Group 2
0 Name:  SubModel Group 2
0 Author:  
0 CustomBrick
0 NumOfBricks:  19
1 14 -30.000000 -48.000000 10.000000 1.000000 0.000000 0.000000 0.000000 1.000000 0.000000 0.000000 0.000000 1.000000 3308.dat
1 7 -89.999980 -62.000000 0.000000 0.000000 0.000000 1.000000 0.000000 1.000000 0.000000 -1.000000 0.000000 0.000000 3673.dat
1 14 -30.000000 -72.000000 10.000000 1.000000 0.000000 0.000000 0.000000 1.000000 0.000000 0.000000 0.000000 1.000000 3702.dat
1 14 45.765250 -335.114000 -29.999540 1.000000 0.000002 0.000000 -0.000002 1.000000 0.000000 0.000000 0.000000 1.000000 3703.dat
1 14 -51.514220 -196.977100 -9.999790 0.342018 0.939692 -0.000001 -0.939692 0.342018 0.000001 0.000001 0.000001 1.000000 3703.dat
1 7 -10.000000 -62.000000 0.000000 0.000000 0.000000 1.000000 0.000000 1.000000 0.000000 -1.000000 0.000000 0.000000 3673.dat
1 7 -42.117400 -193.556900 0.000240 0.000002 0.173649 0.984807 -0.000001 0.984807 -0.173649 -1.000000 -0.000001 0.000002 3673.dat
1 14 28.486040 -196.977100 -9.999920 0.342020 0.939693 0.000000 -0.939693 0.342020 0.000000 0.000000 0.000000 1.000000 3703.dat
1 7 3.680840 -99.587630 0.000000 0.000000 0.173648 0.984808 0.000000 0.984808 -0.173648 -1.000000 0.000000 0.000000 3673.dat
1 16 -18.142690 -144.401900 20.000290 0.438377 0.000000 0.898791 0.898791 -0.000001 -0.438377 0.000001 1.000000 -0.000001 beam
1 7 -28.436620 -231.144600 0.000290 0.000001 -0.342019 0.939693 -0.000001 0.939693 0.342019 -1.000000 -0.000001 0.000001 3673.dat
1 7 5.765250 -325.113900 -19.999560 0.000001 0.173649 0.984807 -0.000001 0.984807 -0.173649 -1.000000 -0.000001 0.000002 3673.dat
1 7 85.765870 -325.113800 -19.999940 0.000000 0.173648 0.984808 0.000000 0.984808 -0.173648 -1.000000 0.000000 0.000000 3673.dat
1 7 65.244560 -268.732300 0.000080 0.000000 -0.342839 0.939395 0.000000 0.939394 0.342839 -1.000000 0.000000 0.000000 3673.dat
0 STEP
1 16 19.037230 -215.872900 10.000060 0.927183 0.374608 0.000000 -0.374608 0.927183 -0.000001 0.000000 0.000001 1.000000 submodel group 1
0 STEP
0 NOFILE
0 FILE Beam
0 Beam
0 Name:  Beam
0 Author:  
0 CustomBrick
0 NumOfBricks:  3
1 7 -34.690040 -10.000000 0.000170 0.000000 0.000000 1.000000 -1.000000 0.000000 0.000000 0.000000 -1.000000 0.000000 3651.dat
1 7 29.999970 -10.000010 0.000000 0.000000 0.000000 -1.000000 -1.000005 0.000000 0.000000 0.000000 1.000000 0.000000 3651.dat
1 0 -0.000030 -10.000010 0.000170 1.000000 0.000000 0.000000 0.000000 0.000000 -1.000000 0.000000 1.000000 0.000000 3705.dat
0 NOFILE
0 FILE SubModel Group 1
0 SubModel Group 1
0 Name:  SubModel Group 1
0 Author:  
0 CustomBrick
0 NumOfBricks:  3
1 7 -18.296060 -31.943740 0.000230 -0.000001 0.000000 1.000000 0.000000 1.000000 0.000000 -1.000000 0.000000 -0.000001 3651.dat
1 7 42.783940 -31.943740 0.000210 -0.000001 0.000000 -1.000000 0.000000 -1.000000 0.000000 -1.000000 0.000000 0.000001 3651.dat
1 0 11.173940 -31.943740 0.000240 1.000000 0.000000 -0.000001 0.000000 -1.000000 0.000000 -0.000001 0.000000 -1.000000 3705.dat
0 NOFILE
0 FILE SubModel Group 2_Mirrored
0 SubModel Group 2_Mirrored
0 Name:  SubModel Group 2_Mirrored
0 Author:  
0 CustomBrick
0 NumOfBricks:  19
1 14 75.765290 126.348000 19.999760 1.000000 0.000000 0.000000 0.000000 1.000000 0.000000 0.000000 0.000000 1.000000 3308.dat
1 7 135.765300 112.348000 9.999760 0.000000 0.000000 -1.000000 0.000000 1.000000 0.000000 1.000000 0.000000 0.000000 3673.dat
1 14 75.765290 102.348000 19.999760 1.000000 0.000000 0.000000 0.000000 1.000000 0.000000 0.000000 0.000000 1.000000 3702.dat
1 14 0.000030 -160.765900 -19.999790 1.000000 -0.000002 0.000000 0.000002 1.000000 0.000000 0.000000 0.000000 1.000000 3703.dat
1 14 97.279510 -22.629100 -0.000050 0.342019 -0.939693 0.000001 0.939693 0.342019 0.000001 -0.000001 0.000001 1.000000 3703.dat
1 7 55.765290 112.348000 9.999760 0.000000 0.000000 -1.000000 0.000000 1.000000 0.000000 1.000000 0.000000 0.000000 3673.dat
1 7 87.882690 -19.208920 10.000000 0.000002 -0.173649 -0.984808 0.000001 0.984808 -0.173649 1.000000 -0.000001 0.000002 3673.dat
1 14 17.279270 -22.629100 -0.000170 0.342020 -0.939693 0.000000 0.939693 0.342020 0.000000 0.000000 0.000000 1.000000 3703.dat
1 7 42.084440 74.760400 9.999760 0.000000 -0.173648 -0.984808 0.000000 0.984808 -0.173648 1.000000 0.000000 0.000000 3673.dat
1 16 64.935920 27.838340 20.000020 0.438377 0.000000 -0.898791 -0.898791 -0.000001 -0.438377 -0.000001 1.000000 -0.000001 beam_mirrored
1 7 74.201900 -56.796570 10.000050 0.000001 0.342019 -0.939693 0.000001 0.939693 0.342019 1.000000 -0.000001 0.000001 3673.dat
1 7 40.000030 -150.765900 -9.999800 0.000001 -0.173649 -0.984808 0.000001 0.984808 -0.173649 1.000000 -0.000001 0.000001 3673.dat
1 7 -40.000580 -150.765800 -10.000180 0.000000 -0.173648 -0.984808 0.000000 0.984808 -0.173648 1.000000 0.000000 0.000000 3673.dat
1 7 -19.479280 -94.384280 9.999829 0.000000 0.342839 -0.939394 0.000001 0.939394 0.342839 1.000000 0.000000 0.000000 3673.dat
0 STEP
1 16 27.842710 -75.526900 19.999970 0.927183 -0.374608 0.000000 0.374608 0.927183 -0.000001 0.000000 0.000001 1.000000 submodel group 1_mirrored
0 STEP
0 NOFILE
0 FILE Beam_Mirrored
0 Beam_Mirrored
0 Name:  Beam_Mirrored
0 Author:  
0 CustomBrick
0 NumOfBricks:  3
1 7 32.344960 0.000050 0.000060 0.000000 0.000000 -1.000000 1.000000 0.000000 0.000000 0.000000 -1.000000 0.000000 3651.dat
1 7 -32.345010 0.000010 -0.000080 0.000000 0.000000 1.000000 1.000000 0.000000 0.000000 0.000000 1.000000 0.000000 3651.dat
1 0 -2.345020 0.000020 0.000080 1.000000 0.000000 0.000000 0.000000 0.000000 -1.000000 0.000000 1.000000 0.000000 3705.dat
0 NOFILE
0 FILE SubModel Group 1_Mirrored
0 SubModel Group 1_Mirrored
0 Name:  SubModel Group 1_Mirrored
0 Author:  
0 CustomBrick
0 NumOfBricks:  3
1 7 29.999990 -0.000060 0.000060 -0.000001 0.000000 -1.000000 0.000000 1.000000 0.000000 1.000000 0.000000 -0.000001 3651.dat
1 7 -31.180010 -0.000090 0.000000 -0.000001 0.000000 1.000000 0.000000 -1.000000 0.000000 1.000000 0.000000 0.000001 3651.dat
1 0 -0.000010 -0.000090 0.000030 1.000000 0.000000 0.000001 0.000000 -1.000000 0.000000 0.000001 0.000000 -1.000000 3705.dat
0 NOFILE
0 FILE Wall
0 Wall
0 Name:  Wall
0 Author:  
0 CustomBrick
0 NumOfBricks:  21
1 14 135.765200 -51.114290 -0.000490 -1.000000 0.000000 0.000000 0.000000 1.000000 0.000000 0.000000 0.000000 -1.000000 3005.dat
1 14 135.765200 -75.114290 -0.000490 -1.000000 0.000000 0.000000 0.000000 1.000000 0.000000 0.000000 0.000000 -1.000000 3005.dat
1 14 75.765200 -51.114170 -0.000510 -1.000000 0.000000 0.000000 0.000000 1.000000 0.000000 0.000000 0.000000 -1.000000 3005.dat
1 14 75.765200 -75.114170 -0.000510 -1.000000 0.000000 0.000000 0.000000 1.000000 0.000000 0.000000 0.000000 -1.000000 3005.dat
1 14 25.765200 -51.114080 -0.000490 -1.000000 0.000000 0.000000 0.000000 1.000000 0.000000 0.000000 0.000000 -1.000000 3004.dat
1 14 25.765200 -75.114070 -0.000490 -1.000000 0.000000 0.000000 0.000000 1.000000 0.000000 0.000000 0.000000 -1.000000 3004.dat
1 14 -54.234800 -27.114080 -0.000490 -1.000000 0.000000 0.000000 0.000000 1.000000 0.000000 0.000000 0.000000 -1.000000 3008.dat
1 14 -24.234800 -51.114080 -0.000490 -1.000000 0.000000 0.000000 0.000000 1.000000 0.000000 0.000000 0.000000 -1.000000 3005.dat
1 14 -24.234800 -75.114070 -0.000490 -1.000000 0.000000 0.000000 0.000000 1.000000 0.000000 0.000000 0.000000 -1.000000 3005.dat
1 14 -84.234790 -51.114080 -0.000490 -1.000000 0.000000 0.000000 0.000000 1.000000 0.000000 0.000000 0.000000 -1.000000 3005.dat
1 14 -84.234790 -75.114070 -0.000490 -1.000000 0.000000 0.000000 0.000000 1.000000 0.000000 0.000000 0.000000 -1.000000 3005.dat
1 14 -144.234800 -51.114080 -0.000490 -1.000000 0.000000 0.000000 0.000000 1.000000 0.000000 0.000000 0.000000 -1.000000 3622.dat
1 14 -134.234800 -75.114070 -0.000490 -1.000000 0.000000 0.000000 0.000000 1.000000 0.000000 0.000000 0.000000 -1.000000 3004.dat
1 14 -54.234800 -99.114070 -0.000490 -1.000000 0.000000 0.000000 0.000000 1.000000 0.000000 0.000000 0.000000 -1.000000 3008.dat
1 14 105.765200 -99.114070 -0.000490 -1.000000 0.000000 0.000000 0.000000 1.000000 0.000000 0.000000 0.000000 -1.000000 3008.dat
1 14 -174.234800 -27.114080 -0.000490 -1.000000 0.000000 0.000000 0.000000 1.000000 0.000000 0.000000 0.000000 -1.000000 3004.dat
1 14 -174.234800 -3.114070 9.999510 -1.000000 0.000000 0.000000 0.000000 1.000000 0.000000 0.000000 0.000000 -1.000000 3020.dat
1 14 -194.234800 4.885930 9.999510 -1.000000 0.000000 0.000000 0.000000 1.000000 0.000000 0.000000 0.000000 -1.000000 3022.dat
1 14 -234.234800 5.010930 19.999510 -1.000000 0.000000 0.000000 0.000000 1.000000 0.000000 0.000000 0.000000 -1.000000 3023.dat
1 14 -14.234800 -3.114070 9.999510 -1.000000 0.000000 0.000000 0.000000 1.000000 0.000000 0.000000 0.000000 -1.000000 2445.dat
1 14 -14.234800 4.885930 9.999510 -1.000000 0.000000 0.000000 0.000000 1.000000 0.000000 0.000000 0.000000 -1.000000 3034.dat
0 NOFILE
0 FILE Wall_Mirrored
0 Wall_Mirrored
0 Name:  Wall_Mirrored
0 Author:  
0 CustomBrick
0 NumOfBricks:  21
1 14 -170.000100 -6.062710 -10.000000 -1.000000 0.000000 0.000000 0.000000 1.000000 0.000000 0.000000 0.000000 -1.000000 3005.dat
1 14 -170.000100 -30.062720 -10.000000 -1.000000 0.000000 0.000000 0.000000 1.000000 0.000000 0.000000 0.000000 -1.000000 3005.dat
1 14 -110.000100 -6.062590 -10.000020 -1.000000 0.000000 0.000000 0.000000 1.000000 0.000000 0.000000 0.000000 -1.000000 3005.dat
1 14 -110.000100 -30.062590 -10.000020 -1.000000 0.000000 0.000000 0.000000 1.000000 0.000000 0.000000 0.000000 -1.000000 3005.dat
1 14 -60.000060 -6.062500 -10.000000 -1.000000 0.000000 0.000000 0.000000 1.000000 0.000000 0.000000 0.000000 -1.000000 3004.dat
1 14 -60.000060 -30.062500 -10.000000 -1.000000 0.000000 0.000000 0.000000 1.000000 0.000000 0.000000 0.000000 -1.000000 3004.dat
1 14 19.999940 17.937500 -10.000000 -1.000000 0.000000 0.000000 0.000000 1.000000 0.000000 0.000000 0.000000 -1.000000 3008.dat
1 14 -10.000060 -6.062500 -10.000000 -1.000000 0.000000 0.000000 0.000000 1.000000 0.000000 0.000000 0.000000 -1.000000 3005.dat
1 14 -10.000060 -30.062500 -10.000000 -1.000000 0.000000 0.000000 0.000000 1.000000 0.000000 0.000000 0.000000 -1.000000 3005.dat
1 14 49.999940 -6.062500 -10.000000 -1.000000 0.000000 0.000000 0.000000 1.000000 0.000000 0.000000 0.000000 -1.000000 3005.dat
1 14 49.999940 -30.062500 -10.000000 -1.000000 0.000000 0.000000 0.000000 1.000000 0.000000 0.000000 0.000000 -1.000000 3005.dat
1 14 109.999900 -6.062500 -10.000000 -1.000000 0.000000 0.000000 0.000000 1.000000 0.000000 0.000000 0.000000 -1.000000 3622.dat
1 14 99.999940 -30.062500 -10.000000 -1.000000 0.000000 0.000000 0.000000 1.000000 0.000000 0.000000 0.000000 -1.000000 3004.dat
1 14 19.999940 -54.062500 -10.000000 -1.000000 0.000000 0.000000 0.000000 1.000000 0.000000 0.000000 0.000000 -1.000000 3008.dat
1 14 -140.000100 -54.062500 -10.000000 -1.000000 0.000000 0.000000 0.000000 1.000000 0.000000 0.000000 0.000000 -1.000000 3008.dat
1 14 140.000000 17.937500 -10.000000 -1.000000 0.000000 0.000000 0.000000 1.000000 0.000000 0.000000 0.000000 -1.000000 3004.dat
1 14 140.000000 41.937500 0.000000 -1.000000 0.000000 0.000000 0.000000 1.000000 0.000000 0.000000 0.000000 -1.000000 3020.dat
1 14 160.000000 49.937500 0.000000 -1.000000 0.000000 0.000000 0.000000 1.000000 0.000000 0.000000 0.000000 -1.000000 3022.dat
1 14 200.000000 50.062500 10.000000 -1.000000 0.000000 0.000000 0.000000 1.000000 0.000000 0.000000 0.000000 -1.000000 3023.dat
1 14 -20.000060 41.937500 0.000000 -1.000000 0.000000 0.000000 0.000000 1.000000 0.000000 0.000000 0.000000 -1.000000 2445.dat
1 14 -20.000060 49.937500 0.000000 -1.000000 0.000000 0.000000 0.000000 1.000000 0.000000 0.000000 0.000000 -1.000000 3034.dat
0 NOFILE
