0 FILE Bridge 1.io
0 Untitled Model
0 Name:  Bridge 1
0 Author:  Christian Gudrian
0 CustomBrick
0 NumOfBricks:  146
0 STEP
0 STEP
0 STEP
1 16 211.992400 -292.065500 39.999970 1.000000 0.000001 0.000000 -0.000001 1.000000 -0.000001 0.000000 0.000001 1.000000 submodel group 3
0 STEP
0 STEP
1 16 530.000000 0.000000 -100.000000 1.000000 0.000000 0.000000 0.000000 1.000000 0.000000 0.000000 0.000000 1.000000 submodel group 2
0 STEP
1 2 -120.470300 0.129360 40.000490 0.000000 0.000000 -1.000000 0.000000 1.000000 0.000000 1.000000 0.000000 0.000000 3865.dat
1 2 559.529700 0.125530 40.000700 0.000000 0.000000 -1.000000 0.000000 1.000000 0.000000 1.000000 0.000000 0.000000 3865.dat
0 STEP
0 STEP
0 STEP
0 NOFILE
0 FILE SubModel Group 3
0 SubModel Group 3
0 Name:  SubModel Group 3
0 Author:  
0 CustomBrick
0 NumOfBricks:  126
1 7 -92.462360 -22.915290 -119.999800 -0.000001 0.173653 0.984808 0.000000 0.984808 -0.173653 -1.000000 0.000000 -0.000001 3673.dat
0 STEP
1 7 -212.462500 -22.914740 -99.999820 0.000000 0.173652 0.984808 -0.000001 0.984808 -0.173652 -1.000000 -0.000001 0.000000 3673.dat
1 14 -352.462400 -32.913960 -89.999790 -1.000000 0.000006 0.000000 0.000006 1.000000 -0.000001 0.000000 -0.000001 -1.000000 3703.dat
1 7 -372.462400 -22.913850 -99.999820 0.000000 0.173652 0.984808 -0.000001 0.984808 -0.173652 -1.000000 -0.000001 0.000000 3673.dat
1 7 -212.462500 -22.914600 100.000200 0.000000 0.173652 0.984807 -0.000001 0.984807 -0.173652 -1.000000 -0.000001 0.000000 3673.dat
1 7 -372.462600 -22.913680 100.000200 0.000000 0.173652 0.984807 -0.000001 0.984807 -0.173652 -1.000000 -0.000001 0.000000 3673.dat
1 14 -352.462500 -32.913920 90.000210 -1.000000 0.000006 0.000000 0.000006 1.000000 -0.000001 0.000000 -0.000001 -1.000000 3703.dat
1 14 -472.462800 -40.913240 0.000220 0.000000 0.000004 -1.000000 0.000001 1.000000 0.000004 1.000000 -0.000001 0.000000 3030.dat
1 14 -92.462430 -40.915320 0.000260 0.000000 0.000004 -1.000000 0.000001 1.000000 0.000004 1.000000 -0.000001 0.000000 2445.dat
1 14 7.537350 -72.915880 -109.999700 -1.000000 0.000006 0.000000 0.000006 1.000000 -0.000001 0.000000 -0.000001 -1.000000 3703.dat
1 14 7.537260 -96.915820 -109.999700 -1.000000 0.000004 0.000000 0.000004 1.000000 -0.000001 0.000000 -0.000001 -1.000000 3004.dat
1 14 7.537180 -120.915700 -109.999700 -1.000000 0.000004 0.000000 0.000004 1.000000 -0.000001 0.000000 -0.000001 -1.000000 3004.dat
1 16 -178.227800 -45.800780 -109.999400 1.000000 0.000004 0.000000 -0.000004 1.000000 0.000001 0.000000 -0.000001 1.000000 wall
1 7 -92.462630 -62.915230 -119.999800 -0.000001 0.173653 0.984808 0.000000 0.984808 -0.173653 -1.000000 0.000000 -0.000001 3673.dat
1 7 -92.462440 -22.915200 120.001200 -0.000001 0.173653 0.984808 0.000000 0.984808 -0.173653 -1.000000 0.000000 -0.000001 3673.dat
1 7 107.537400 -62.916440 -119.999700 -0.000001 0.173653 0.984808 0.000000 0.984808 -0.173653 -1.000000 0.000000 -0.000001 3673.dat
1 14 -102.462500 -42.915120 130.001100 0.000004 1.000000 0.000000 1.000000 -0.000004 -0.000001 -0.000001 0.000000 -1.000000 3701.dat
1 14 -102.462500 -42.915300 -129.999800 0.000005 1.000000 -0.000001 1.000000 -0.000005 0.000000 0.000000 -0.000001 -1.000000 3701.dat
1 14 -312.462700 -40.914190 0.000320 0.000000 0.000004 1.000000 -0.000001 1.000000 -0.000004 -1.000000 -0.000001 0.000000 3029.dat
1 14 -92.462510 -48.915240 0.000270 0.000000 0.000004 1.000000 -0.000001 1.000000 -0.000004 -1.000000 -0.000001 0.000000 3034.dat
1 16 227.537400 -90.854080 -99.999580 1.000000 0.000004 0.000000 -0.000004 1.000000 0.000001 0.000000 -0.000001 1.000000 wall_mirrored
0 STEP
1 14 247.537600 -32.792080 -109.999700 -1.000000 0.000002 0.000000 0.000002 1.000000 -0.000001 0.000000 -0.000001 -1.000000 3703.dat
0 STEP
1 7 227.537500 -22.791710 100.000400 0.000000 -0.173644 -0.984809 0.000001 0.984809 -0.173644 1.000000 -0.000001 0.000000 3673.dat
1 14 367.538000 -32.792040 90.000350 1.000000 0.000002 0.000000 -0.000002 1.000000 0.000001 0.000000 -0.000001 1.000000 3703.dat
1 7 387.537800 -22.791950 100.000400 0.000000 -0.173644 -0.984809 0.000001 0.984809 -0.173644 1.000000 -0.000001 0.000000 3673.dat
1 7 227.537700 -22.791980 -99.999710 0.000000 -0.173644 -0.984809 0.000001 0.984809 -0.173644 1.000000 -0.000001 0.000000 3673.dat
1 7 387.537800 -22.792320 -99.999690 0.000000 -0.173644 -0.984809 0.000001 0.984809 -0.173644 1.000000 -0.000001 0.000000 3673.dat
1 14 367.537900 -32.792240 -89.999650 1.000000 0.000002 0.000000 -0.000002 1.000000 0.000001 0.000000 -0.000001 1.000000 3703.dat
1 14 487.537800 -40.792320 0.000480 0.000000 0.000004 1.000000 -0.000001 1.000000 -0.000004 -1.000000 -0.000001 0.000000 3030.dat
1 14 107.537500 -40.791660 0.000370 0.000000 0.000004 1.000000 -0.000001 1.000000 -0.000004 -1.000000 -0.000001 0.000000 2445.dat
1 14 7.537450 -72.791280 110.000400 1.000000 0.000002 0.000000 -0.000002 1.000000 0.000001 0.000000 -0.000001 1.000000 3703.dat
1 14 7.537380 -96.791170 110.000400 1.000000 0.000004 0.000000 -0.000004 1.000000 0.000001 0.000000 -0.000001 1.000000 3004.dat
1 14 7.537300 -120.791100 110.000400 1.000000 0.000004 0.000000 -0.000004 1.000000 0.000001 0.000000 -0.000001 1.000000 3004.dat
1 16 193.302700 -45.677540 109.999900 -1.000000 0.000004 0.000000 0.000004 1.000000 -0.000001 0.000000 -0.000001 -1.000000 wall
1 7 107.537500 -62.791290 120.000400 0.000001 -0.173645 -0.984809 0.000002 0.984809 -0.173645 1.000000 -0.000002 0.000001 3673.dat
1 7 107.537600 -22.791470 120.000200 0.000001 -0.173645 -0.984809 0.000002 0.984809 -0.173645 1.000000 -0.000002 0.000001 3673.dat
1 7 107.537700 -22.791760 -120.000600 0.000001 -0.173645 -0.984809 0.000002 0.984809 -0.173645 1.000000 -0.000002 0.000001 3673.dat
1 7 -92.462550 -62.791110 120.000300 0.000001 -0.173645 -0.984809 0.000002 0.984809 -0.173645 1.000000 -0.000002 0.000001 3673.dat
1 14 117.537500 -42.791840 -130.000600 0.000004 -1.000000 0.000000 1.000000 0.000004 0.000001 -0.000001 0.000000 1.000000 3701.dat
1 14 117.537500 -42.791460 130.000400 0.000003 -1.000000 0.000001 1.000000 0.000003 0.000002 -0.000002 0.000001 1.000000 3701.dat
1 14 327.537700 -40.792100 0.000370 0.000000 0.000004 -1.000000 0.000001 1.000000 0.000004 1.000000 -0.000001 0.000000 3029.dat
1 14 107.537500 -48.791560 0.000380 0.000000 0.000004 -1.000000 0.000001 1.000000 0.000004 1.000000 -0.000001 0.000000 3034.dat
1 16 -212.462800 -90.727800 100.000200 -1.000000 0.000004 0.000000 0.000004 1.000000 -0.000001 0.000000 -0.000001 -1.000000 wall_mirrored
0 STEP
1 14 -232.462500 -32.915000 -109.999900 -1.000000 0.000006 0.000000 0.000006 1.000000 -0.000001 0.000000 -0.000001 -1.000000 3703.dat
1 14 -232.462600 -32.914460 110.000300 -1.000000 0.000006 0.000000 0.000006 1.000000 -0.000001 0.000000 -0.000001 -1.000000 3703.dat
1 14 247.537600 -32.791700 110.000400 1.000000 0.000002 0.000000 -0.000002 1.000000 0.000001 0.000000 -0.000001 1.000000 3703.dat
0 STEP
0 NOFILE
0 FILE Wall
0 Wall
0 Name:  Wall
0 Author:  
0 CustomBrick
0 NumOfBricks:  21
1 14 135.765200 -51.114290 -0.000490 -1.000000 0.000000 0.000000 0.000000 1.000000 0.000000 0.000000 0.000000 -1.000000 3005.dat
1 14 135.765200 -75.114290 -0.000490 -1.000000 0.000000 0.000000 0.000000 1.000000 0.000000 0.000000 0.000000 -1.000000 3005.dat
1 14 75.765200 -51.114170 -0.000510 -1.000000 0.000000 0.000000 0.000000 1.000000 0.000000 0.000000 0.000000 -1.000000 3005.dat
1 14 75.765200 -75.114170 -0.000510 -1.000000 0.000000 0.000000 0.000000 1.000000 0.000000 0.000000 0.000000 -1.000000 3005.dat
1 14 25.765200 -51.114080 -0.000490 -1.000000 0.000000 0.000000 0.000000 1.000000 0.000000 0.000000 0.000000 -1.000000 3004.dat
1 14 25.765200 -75.114070 -0.000490 -1.000000 0.000000 0.000000 0.000000 1.000000 0.000000 0.000000 0.000000 -1.000000 3004.dat
1 14 -54.234800 -27.114080 -0.000490 -1.000000 0.000000 0.000000 0.000000 1.000000 0.000000 0.000000 0.000000 -1.000000 3008.dat
1 14 -24.234800 -51.114080 -0.000490 -1.000000 0.000000 0.000000 0.000000 1.000000 0.000000 0.000000 0.000000 -1.000000 3005.dat
1 14 -24.234800 -75.114070 -0.000490 -1.000000 0.000000 0.000000 0.000000 1.000000 0.000000 0.000000 0.000000 -1.000000 3005.dat
1 14 -84.234790 -51.114080 -0.000490 -1.000000 0.000000 0.000000 0.000000 1.000000 0.000000 0.000000 0.000000 -1.000000 3005.dat
1 14 -84.234790 -75.114070 -0.000490 -1.000000 0.000000 0.000000 0.000000 1.000000 0.000000 0.000000 0.000000 -1.000000 3005.dat
1 14 -144.234800 -51.114080 -0.000490 -1.000000 0.000000 0.000000 0.000000 1.000000 0.000000 0.000000 0.000000 -1.000000 3622.dat
1 14 -134.234800 -75.114070 -0.000490 -1.000000 0.000000 0.000000 0.000000 1.000000 0.000000 0.000000 0.000000 -1.000000 3004.dat
1 14 -54.234800 -99.114070 -0.000490 -1.000000 0.000000 0.000000 0.000000 1.000000 0.000000 0.000000 0.000000 -1.000000 3008.dat
1 14 105.765200 -99.114070 -0.000490 -1.000000 0.000000 0.000000 0.000000 1.000000 0.000000 0.000000 0.000000 -1.000000 3008.dat
1 14 -174.234800 -27.114080 -0.000490 -1.000000 0.000000 0.000000 0.000000 1.000000 0.000000 0.000000 0.000000 -1.000000 3004.dat
1 14 -174.234800 -3.114070 9.999510 -1.000000 0.000000 0.000000 0.000000 1.000000 0.000000 0.000000 0.000000 -1.000000 3020.dat
1 14 -194.234800 4.885930 9.999510 -1.000000 0.000000 0.000000 0.000000 1.000000 0.000000 0.000000 0.000000 -1.000000 3022.dat
1 14 -234.234800 5.010930 19.999510 -1.000000 0.000000 0.000000 0.000000 1.000000 0.000000 0.000000 0.000000 -1.000000 3023.dat
1 14 -14.234800 -3.114070 9.999510 -1.000000 0.000000 0.000000 0.000000 1.000000 0.000000 0.000000 0.000000 -1.000000 2445.dat
1 14 -14.234800 4.885930 9.999510 -1.000000 0.000000 0.000000 0.000000 1.000000 0.000000 0.000000 0.000000 -1.000000 3034.dat
0 NOFILE
0 FILE Wall_Mirrored
0 Wall_Mirrored
0 Name:  Wall_Mirrored
0 Author:  
0 CustomBrick
0 NumOfBricks:  21
1 14 -170.000100 -6.062710 -10.000000 -1.000000 0.000000 0.000000 0.000000 1.000000 0.000000 0.000000 0.000000 -1.000000 3005.dat
1 14 -170.000100 -30.062720 -10.000000 -1.000000 0.000000 0.000000 0.000000 1.000000 0.000000 0.000000 0.000000 -1.000000 3005.dat
1 14 -110.000100 -6.062590 -10.000020 -1.000000 0.000000 0.000000 0.000000 1.000000 0.000000 0.000000 0.000000 -1.000000 3005.dat
1 14 -110.000100 -30.062590 -10.000020 -1.000000 0.000000 0.000000 0.000000 1.000000 0.000000 0.000000 0.000000 -1.000000 3005.dat
1 14 -60.000060 -6.062500 -10.000000 -1.000000 0.000000 0.000000 0.000000 1.000000 0.000000 0.000000 0.000000 -1.000000 3004.dat
1 14 -60.000060 -30.062500 -10.000000 -1.000000 0.000000 0.000000 0.000000 1.000000 0.000000 0.000000 0.000000 -1.000000 3004.dat
1 14 19.999940 17.937500 -10.000000 -1.000000 0.000000 0.000000 0.000000 1.000000 0.000000 0.000000 0.000000 -1.000000 3008.dat
1 14 -10.000060 -6.062500 -10.000000 -1.000000 0.000000 0.000000 0.000000 1.000000 0.000000 0.000000 0.000000 -1.000000 3005.dat
1 14 -10.000060 -30.062500 -10.000000 -1.000000 0.000000 0.000000 0.000000 1.000000 0.000000 0.000000 0.000000 -1.000000 3005.dat
1 14 49.999940 -6.062500 -10.000000 -1.000000 0.000000 0.000000 0.000000 1.000000 0.000000 0.000000 0.000000 -1.000000 3005.dat
1 14 49.999940 -30.062500 -10.000000 -1.000000 0.000000 0.000000 0.000000 1.000000 0.000000 0.000000 0.000000 -1.000000 3005.dat
1 14 109.999900 -6.062500 -10.000000 -1.000000 0.000000 0.000000 0.000000 1.000000 0.000000 0.000000 0.000000 -1.000000 3622.dat
1 14 99.999940 -30.062500 -10.000000 -1.000000 0.000000 0.000000 0.000000 1.000000 0.000000 0.000000 0.000000 -1.000000 3004.dat
1 14 19.999940 -54.062500 -10.000000 -1.000000 0.000000 0.000000 0.000000 1.000000 0.000000 0.000000 0.000000 -1.000000 3008.dat
1 14 -140.000100 -54.062500 -10.000000 -1.000000 0.000000 0.000000 0.000000 1.000000 0.000000 0.000000 0.000000 -1.000000 3008.dat
1 14 140.000000 17.937500 -10.000000 -1.000000 0.000000 0.000000 0.000000 1.000000 0.000000 0.000000 0.000000 -1.000000 3004.dat
1 14 140.000000 41.937500 0.000000 -1.000000 0.000000 0.000000 0.000000 1.000000 0.000000 0.000000 0.000000 -1.000000 3020.dat
1 14 160.000000 49.937500 0.000000 -1.000000 0.000000 0.000000 0.000000 1.000000 0.000000 0.000000 0.000000 -1.000000 3022.dat
1 14 200.000000 50.062500 10.000000 -1.000000 0.000000 0.000000 0.000000 1.000000 0.000000 0.000000 0.000000 -1.000000 3023.dat
1 14 -20.000060 41.937500 0.000000 -1.000000 0.000000 0.000000 0.000000 1.000000 0.000000 0.000000 0.000000 -1.000000 2445.dat
1 14 -20.000060 49.937500 0.000000 -1.000000 0.000000 0.000000 0.000000 1.000000 0.000000 0.000000 0.000000 -1.000000 3034.dat
0 NOFILE
0 FILE SubModel Group 2
0 SubModel Group 2
0 Name:  SubModel Group 2
0 Author:  
0 CustomBrick
0 NumOfBricks:  18
1 14 29.529780 -47.874740 -9.999310 -0.999999 -0.000002 0.000000 -0.000003 1.000002 0.000000 0.000000 0.000000 -1.000000 3308.dat
1 7 89.529720 -61.875930 0.000890 0.000000 -0.000001 -1.000000 0.000000 1.000002 -0.000001 1.000000 0.000000 0.000000 3673.dat
1 14 29.529850 -71.874760 -9.999310 -0.999999 -0.000002 0.000000 -0.000003 1.000002 0.000000 0.000000 0.000000 -1.000000 3702.dat
1 14 38.565400 -192.652200 10.000490 -0.428572 -0.903507 0.000001 -0.903507 0.428572 0.000001 -0.000001 0.000000 -1.000000 3703.dat
1 7 9.529850 -61.874770 0.000710 0.000000 -0.000002 -0.999999 0.000000 1.000002 -0.000003 1.000000 0.000000 0.000000 3673.dat
1 7 29.530300 -188.366500 0.000490 -0.000002 -0.080601 -0.996746 -0.000001 0.996747 -0.080601 1.000000 0.000001 -0.000002 3673.dat
1 14 -41.435510 -192.652200 10.000240 -0.428573 -0.903506 0.000001 -0.903509 0.428574 0.000003 -0.000003 0.000000 -1.000000 3703.dat
1 7 -7.612890 -98.014980 0.000630 -0.000001 -0.080599 -0.996746 -0.000003 0.996748 -0.080599 1.000000 0.000002 -0.000001 3673.dat
1 16 13.974290 -135.935500 -39.999530 -0.284443 -0.000001 -0.958693 0.958693 -0.000001 -0.284443 -0.000001 -1.000000 0.000001 beam
1 7 12.387430 -224.506800 0.000440 -0.000001 -0.477513 -0.878624 -0.000001 0.878625 -0.477513 1.000000 0.000000 -0.000001 3673.dat
1 7 -84.756560 -260.646400 0.000080 -0.000001 0.429361 -0.903133 -0.000003 0.903133 0.429362 1.000000 0.000003 0.000000 3673.dat
0 STEP
1 16 -32.034220 -201.841700 -29.999210 -0.975147 -0.221557 0.000000 -0.221557 0.975148 0.000002 0.000000 0.000002 -1.000000 submodel group 1
0 STEP
1 7 -110.470900 -314.858300 20.000120 -0.000001 0.429360 -0.903133 -0.000003 0.903134 0.429362 1.000000 0.000003 0.000000 3673.dat
1 7 -30.469900 -314.857600 20.000290 -0.000001 0.428573 -0.903507 -0.000001 0.903508 0.428573 1.000000 0.000001 0.000000 3673.dat
0 STEP
0 NOFILE
0 FILE Beam
0 Beam
0 Name:  Beam
0 Author:  
0 CustomBrick
0 NumOfBricks:  3
1 7 -34.690040 -10.000000 0.000170 0.000000 0.000000 1.000000 -1.000000 0.000000 0.000000 0.000000 -1.000000 0.000000 3651.dat
1 7 28.523320 -10.000000 -0.000500 0.000000 0.000000 -1.000000 -1.000005 0.000000 0.000000 0.000000 1.000000 0.000000 3651.dat
1 0 -0.000030 -10.000010 0.000170 1.000000 0.000000 0.000000 0.000000 0.000000 -1.000000 0.000000 1.000000 0.000000 3705.dat
0 NOFILE
0 FILE SubModel Group 1
0 SubModel Group 1
0 Name:  SubModel Group 1
0 Author:  
0 CustomBrick
0 NumOfBricks:  3
1 7 -18.296060 -31.943740 0.000230 -0.000001 0.000000 1.000000 0.000000 1.000000 0.000000 -1.000000 0.000000 -0.000001 3651.dat
1 7 43.014240 -31.964670 -0.025650 -0.000001 0.000000 -1.000000 0.000000 -1.000000 0.000000 -1.000000 0.000000 0.000001 3651.dat
1 0 11.173940 -31.943740 0.000240 1.000000 0.000000 -0.000001 0.000000 -1.000000 0.000000 -0.000001 0.000000 -1.000000 3705.dat
0 NOFILE
