0 FILE Bridge 1.io
0 Untitled Model
0 Name:  Bridge 1
0 Author:  Christian Gudrian
0 CustomBrick
0 NumOfBricks:  200
0 STEP
0 STEP
0 STEP
1 7 99.529540 -323.533900 -79.999810 -0.000001 0.173649 0.984808 0.000001 0.984808 -0.173649 -1.000000 0.000001 -0.000001 3673.dat
0 STEP
1 7 -20.470520 -323.533800 -59.999800 0.000000 0.173648 0.984808 0.000000 0.984808 -0.173648 -1.000000 0.000000 0.000000 3673.dat
1 14 -160.470600 -333.533600 -49.999820 -1.000000 0.000002 0.000000 0.000002 1.000000 0.000000 0.000000 0.000000 -1.000000 3703.dat
1 7 -180.470500 -323.533600 -59.999820 0.000000 0.173648 0.984808 0.000000 0.984808 -0.173648 -1.000000 0.000000 0.000000 3673.dat
1 7 -20.470600 -323.533900 140.000300 0.000000 0.173648 0.984808 0.000000 0.984808 -0.173648 -1.000000 0.000000 0.000000 3673.dat
1 7 -180.470600 -323.533700 140.000200 0.000000 0.173648 0.984808 0.000000 0.984808 -0.173648 -1.000000 0.000000 0.000000 3673.dat
1 14 -160.470600 -333.533700 130.000200 -1.000000 0.000002 0.000000 0.000002 1.000000 0.000000 0.000000 0.000000 -1.000000 3703.dat
1 14 -280.470600 -341.533400 40.000220 0.000000 0.000000 -1.000000 0.000000 1.000000 0.000000 1.000000 0.000000 0.000000 3030.dat
1 14 99.529580 -341.534000 40.000220 0.000000 0.000000 -1.000000 0.000000 1.000000 0.000000 1.000000 0.000000 0.000000 2445.dat
1 14 199.529400 -373.534100 -69.999820 -1.000000 0.000002 0.000000 0.000002 1.000000 0.000000 0.000000 0.000000 -1.000000 3703.dat
1 14 199.529500 -397.533900 -69.999820 -1.000000 0.000000 0.000000 0.000000 1.000000 0.000000 0.000000 0.000000 -1.000000 3004.dat
1 14 199.529500 -421.533900 -69.999820 -1.000000 0.000000 0.000000 0.000000 1.000000 0.000000 0.000000 0.000000 -1.000000 3004.dat
1 16 13.764240 -346.419700 -69.999420 1.000000 0.000000 0.000000 0.000000 1.000000 0.000000 0.000000 0.000000 1.000000 wall
1 7 99.529490 -363.533800 -79.999840 -0.000001 0.173649 0.984808 0.000001 0.984808 -0.173649 -1.000000 0.000001 -0.000001 3673.dat
1 7 99.529510 -323.534000 160.001100 -0.000001 0.173649 0.984808 0.000001 0.984808 -0.173649 -1.000000 0.000001 -0.000001 3673.dat
1 7 299.529500 -363.534200 -79.999800 -0.000001 0.173649 0.984808 0.000001 0.984808 -0.173649 -1.000000 0.000001 -0.000001 3673.dat
1 14 89.529550 -343.534000 170.001100 0.000000 1.000000 0.000000 1.000000 0.000000 0.000000 0.000000 0.000000 -1.000000 3701.dat
1 14 89.529460 -343.534000 -89.999820 0.000001 1.000000 -0.000001 1.000000 -0.000001 0.000001 0.000001 -0.000001 -1.000000 3701.dat
1 14 -120.470600 -341.533800 40.000310 0.000000 0.000000 1.000000 0.000000 1.000000 0.000000 -1.000000 0.000000 0.000000 3029.dat
1 14 99.529550 -349.534000 40.000220 0.000000 0.000000 1.000000 0.000000 1.000000 0.000000 -1.000000 0.000000 0.000000 3034.dat
1 16 419.529600 -391.471400 -59.999720 1.000000 0.000000 0.000000 0.000000 1.000000 0.000000 0.000000 0.000000 1.000000 wall_mirrored
0 STEP
1 16 530.000000 0.000000 -100.000000 1.000000 0.000000 0.000000 0.000000 1.000000 0.000000 0.000000 0.000000 1.000000 submodel group 2
0 STEP
1 7 419.529500 -323.409200 140.000300 0.000000 -0.173648 -0.984808 0.000000 0.984808 -0.173648 1.000000 0.000000 0.000000 3673.dat
1 14 559.529600 -333.408900 130.000300 1.000000 -0.000002 0.000000 0.000002 1.000000 0.000000 0.000000 0.000000 1.000000 3703.dat
1 7 579.529500 -323.408800 140.000300 0.000000 -0.173648 -0.984808 0.000000 0.984808 -0.173648 1.000000 0.000000 0.000000 3673.dat
1 7 419.529600 -323.409300 -59.999790 0.000000 -0.173648 -0.984808 0.000000 0.984808 -0.173648 1.000000 0.000000 0.000000 3673.dat
1 7 579.529700 -323.409000 -59.999760 0.000000 -0.173648 -0.984808 0.000000 0.984808 -0.173648 1.000000 0.000000 0.000000 3673.dat
1 14 559.529500 -333.409000 -49.999700 1.000000 -0.000002 0.000000 0.000002 1.000000 0.000000 0.000000 0.000000 1.000000 3703.dat
1 14 679.529600 -341.408700 40.000390 0.000000 0.000000 1.000000 0.000000 1.000000 0.000000 -1.000000 0.000000 0.000000 3030.dat
1 14 299.529400 -341.409500 40.000320 0.000000 0.000000 1.000000 0.000000 1.000000 0.000000 -1.000000 0.000000 0.000000 2445.dat
1 14 199.529600 -373.409700 150.000300 1.000000 -0.000002 0.000000 0.000002 1.000000 0.000000 0.000000 0.000000 1.000000 3703.dat
1 14 199.529600 -397.409600 150.000300 1.000000 0.000000 0.000000 0.000000 1.000000 0.000000 0.000000 0.000000 1.000000 3004.dat
1 14 199.529600 -421.409500 150.000300 1.000000 0.000000 0.000000 0.000000 1.000000 0.000000 0.000000 0.000000 1.000000 3004.dat
1 16 385.294700 -346.295200 149.999800 -1.000000 0.000000 0.000000 0.000000 1.000000 0.000000 0.000000 0.000000 -1.000000 wall
1 7 299.529600 -363.409300 160.000300 0.000001 -0.173649 -0.984808 0.000001 0.984808 -0.173649 1.000000 -0.000001 0.000001 3673.dat
1 7 299.529500 -323.409500 160.000200 0.000001 -0.173649 -0.984808 0.000001 0.984808 -0.173649 1.000000 -0.000001 0.000001 3673.dat
1 7 299.529500 -323.409500 -80.000660 0.000001 -0.173649 -0.984808 0.000001 0.984808 -0.173649 1.000000 -0.000001 0.000001 3673.dat
1 7 99.529560 -363.409900 160.000300 0.000001 -0.173649 -0.984808 0.000001 0.984808 -0.173649 1.000000 -0.000001 0.000001 3673.dat
1 14 309.529500 -343.409600 -90.000720 0.000000 -1.000000 0.000000 1.000000 -0.000001 0.000000 0.000000 0.000000 1.000000 3701.dat
1 14 309.529500 -343.409400 170.000300 -0.000001 -1.000000 0.000001 1.000000 -0.000001 0.000001 -0.000001 0.000001 1.000000 3701.dat
1 14 519.529700 -341.409100 40.000300 0.000000 0.000000 -1.000000 0.000000 1.000000 0.000000 1.000000 0.000000 0.000000 3029.dat
1 14 299.529500 -349.409500 40.000320 0.000000 0.000000 -1.000000 0.000000 1.000000 0.000000 1.000000 0.000000 0.000000 3034.dat
1 16 -20.470580 -391.347100 140.000200 -1.000000 0.000000 0.000000 0.000000 1.000000 0.000000 0.000000 0.000000 -1.000000 wall_mirrored
0 STEP
1 2 -160.000100 0.000000 40.000030 0.000000 0.000000 -1.000000 0.000000 1.000000 0.000000 1.000000 0.000000 0.000000 3865.dat
1 2 559.530600 0.124390 40.000780 0.000000 0.000000 -1.000000 0.000000 1.000000 0.000000 1.000000 0.000000 0.000000 3865.dat
0 STEP
0 STEP
1 16 -130.941000 -0.124790 180.000500 -1.000000 0.000000 -0.000001 0.000000 1.000000 0.000000 0.000001 0.000000 -1.000000 submodel group 2
1 16 459.639800 -173.482900 170.001000 -1.000000 0.000000 0.000001 0.000000 1.000000 0.000000 -0.000001 0.000000 -1.000000 submodel group 2_mirrored
1 16 -60.581200 -173.607400 -89.999430 1.000000 -0.000003 -0.000001 0.000003 1.000000 0.000000 0.000001 0.000000 1.000000 submodel group 2_mirrored
0 STEP
0 NOFILE
0 FILE Wall
0 Wall
0 Name:  Wall
0 Author:  
0 CustomBrick
0 NumOfBricks:  21
1 14 135.765200 -51.114290 -0.000490 -1.000000 0.000000 0.000000 0.000000 1.000000 0.000000 0.000000 0.000000 -1.000000 3005.dat
1 14 135.765200 -75.114290 -0.000490 -1.000000 0.000000 0.000000 0.000000 1.000000 0.000000 0.000000 0.000000 -1.000000 3005.dat
1 14 75.765200 -51.114170 -0.000510 -1.000000 0.000000 0.000000 0.000000 1.000000 0.000000 0.000000 0.000000 -1.000000 3005.dat
1 14 75.765200 -75.114170 -0.000510 -1.000000 0.000000 0.000000 0.000000 1.000000 0.000000 0.000000 0.000000 -1.000000 3005.dat
1 14 25.765200 -51.114080 -0.000490 -1.000000 0.000000 0.000000 0.000000 1.000000 0.000000 0.000000 0.000000 -1.000000 3004.dat
1 14 25.765200 -75.114070 -0.000490 -1.000000 0.000000 0.000000 0.000000 1.000000 0.000000 0.000000 0.000000 -1.000000 3004.dat
1 14 -54.234800 -27.114080 -0.000490 -1.000000 0.000000 0.000000 0.000000 1.000000 0.000000 0.000000 0.000000 -1.000000 3008.dat
1 14 -24.234800 -51.114080 -0.000490 -1.000000 0.000000 0.000000 0.000000 1.000000 0.000000 0.000000 0.000000 -1.000000 3005.dat
1 14 -24.234800 -75.114070 -0.000490 -1.000000 0.000000 0.000000 0.000000 1.000000 0.000000 0.000000 0.000000 -1.000000 3005.dat
1 14 -84.234790 -51.114080 -0.000490 -1.000000 0.000000 0.000000 0.000000 1.000000 0.000000 0.000000 0.000000 -1.000000 3005.dat
1 14 -84.234790 -75.114070 -0.000490 -1.000000 0.000000 0.000000 0.000000 1.000000 0.000000 0.000000 0.000000 -1.000000 3005.dat
1 14 -144.234800 -51.114080 -0.000490 -1.000000 0.000000 0.000000 0.000000 1.000000 0.000000 0.000000 0.000000 -1.000000 3622.dat
1 14 -134.234800 -75.114070 -0.000490 -1.000000 0.000000 0.000000 0.000000 1.000000 0.000000 0.000000 0.000000 -1.000000 3004.dat
1 14 -54.234800 -99.114070 -0.000490 -1.000000 0.000000 0.000000 0.000000 1.000000 0.000000 0.000000 0.000000 -1.000000 3008.dat
1 14 105.765200 -99.114070 -0.000490 -1.000000 0.000000 0.000000 0.000000 1.000000 0.000000 0.000000 0.000000 -1.000000 3008.dat
1 14 -174.234800 -27.114080 -0.000490 -1.000000 0.000000 0.000000 0.000000 1.000000 0.000000 0.000000 0.000000 -1.000000 3004.dat
1 14 -174.234800 -3.114070 9.999510 -1.000000 0.000000 0.000000 0.000000 1.000000 0.000000 0.000000 0.000000 -1.000000 3020.dat
1 14 -194.234800 4.885930 9.999510 -1.000000 0.000000 0.000000 0.000000 1.000000 0.000000 0.000000 0.000000 -1.000000 3022.dat
1 14 -234.234800 5.010930 19.999510 -1.000000 0.000000 0.000000 0.000000 1.000000 0.000000 0.000000 0.000000 -1.000000 3023.dat
1 14 -14.234800 -3.114070 9.999510 -1.000000 0.000000 0.000000 0.000000 1.000000 0.000000 0.000000 0.000000 -1.000000 2445.dat
1 14 -14.234800 4.885930 9.999510 -1.000000 0.000000 0.000000 0.000000 1.000000 0.000000 0.000000 0.000000 -1.000000 3034.dat
0 NOFILE
0 FILE Wall_Mirrored
0 Wall_Mirrored
0 Name:  Wall_Mirrored
0 Author:  
0 CustomBrick
0 NumOfBricks:  21
1 14 -170.000100 -6.062710 -10.000000 -1.000000 0.000000 0.000000 0.000000 1.000000 0.000000 0.000000 0.000000 -1.000000 3005.dat
1 14 -170.000100 -30.062720 -10.000000 -1.000000 0.000000 0.000000 0.000000 1.000000 0.000000 0.000000 0.000000 -1.000000 3005.dat
1 14 -110.000100 -6.062590 -10.000020 -1.000000 0.000000 0.000000 0.000000 1.000000 0.000000 0.000000 0.000000 -1.000000 3005.dat
1 14 -110.000100 -30.062590 -10.000020 -1.000000 0.000000 0.000000 0.000000 1.000000 0.000000 0.000000 0.000000 -1.000000 3005.dat
1 14 -60.000060 -6.062500 -10.000000 -1.000000 0.000000 0.000000 0.000000 1.000000 0.000000 0.000000 0.000000 -1.000000 3004.dat
1 14 -60.000060 -30.062500 -10.000000 -1.000000 0.000000 0.000000 0.000000 1.000000 0.000000 0.000000 0.000000 -1.000000 3004.dat
1 14 19.999940 17.937500 -10.000000 -1.000000 0.000000 0.000000 0.000000 1.000000 0.000000 0.000000 0.000000 -1.000000 3008.dat
1 14 -10.000060 -6.062500 -10.000000 -1.000000 0.000000 0.000000 0.000000 1.000000 0.000000 0.000000 0.000000 -1.000000 3005.dat
1 14 -10.000060 -30.062500 -10.000000 -1.000000 0.000000 0.000000 0.000000 1.000000 0.000000 0.000000 0.000000 -1.000000 3005.dat
1 14 49.999940 -6.062500 -10.000000 -1.000000 0.000000 0.000000 0.000000 1.000000 0.000000 0.000000 0.000000 -1.000000 3005.dat
1 14 49.999940 -30.062500 -10.000000 -1.000000 0.000000 0.000000 0.000000 1.000000 0.000000 0.000000 0.000000 -1.000000 3005.dat
1 14 109.999900 -6.062500 -10.000000 -1.000000 0.000000 0.000000 0.000000 1.000000 0.000000 0.000000 0.000000 -1.000000 3622.dat
1 14 99.999940 -30.062500 -10.000000 -1.000000 0.000000 0.000000 0.000000 1.000000 0.000000 0.000000 0.000000 -1.000000 3004.dat
1 14 19.999940 -54.062500 -10.000000 -1.000000 0.000000 0.000000 0.000000 1.000000 0.000000 0.000000 0.000000 -1.000000 3008.dat
1 14 -140.000100 -54.062500 -10.000000 -1.000000 0.000000 0.000000 0.000000 1.000000 0.000000 0.000000 0.000000 -1.000000 3008.dat
1 14 140.000000 17.937500 -10.000000 -1.000000 0.000000 0.000000 0.000000 1.000000 0.000000 0.000000 0.000000 -1.000000 3004.dat
1 14 140.000000 41.937500 0.000000 -1.000000 0.000000 0.000000 0.000000 1.000000 0.000000 0.000000 0.000000 -1.000000 3020.dat
1 14 160.000000 49.937500 0.000000 -1.000000 0.000000 0.000000 0.000000 1.000000 0.000000 0.000000 0.000000 -1.000000 3022.dat
1 14 200.000000 50.062500 10.000000 -1.000000 0.000000 0.000000 0.000000 1.000000 0.000000 0.000000 0.000000 -1.000000 3023.dat
1 14 -20.000060 41.937500 0.000000 -1.000000 0.000000 0.000000 0.000000 1.000000 0.000000 0.000000 0.000000 -1.000000 2445.dat
1 14 -20.000060 49.937500 0.000000 -1.000000 0.000000 0.000000 0.000000 1.000000 0.000000 0.000000 0.000000 -1.000000 3034.dat
0 NOFILE
0 FILE SubModel Group 2
0 SubModel Group 2
0 Name:  SubModel Group 2
0 Author:  
0 CustomBrick
0 NumOfBricks:  19
1 14 -90.470430 -333.409300 30.000230 -1.000000 -0.000002 0.000000 -0.000002 1.000000 0.000000 0.000000 0.000000 -1.000000 3703.dat
0 STEP
1 14 29.530580 -47.875580 -9.999169 -1.000000 0.000000 0.000000 0.000000 1.000000 0.000000 0.000000 0.000000 -1.000000 3308.dat
1 7 89.530580 -61.875580 0.000830 0.000000 0.000000 -1.000000 0.000000 1.000000 0.000000 1.000000 0.000000 0.000000 3673.dat
1 14 29.530580 -71.875580 -9.999169 -1.000000 0.000000 0.000000 0.000000 1.000000 0.000000 0.000000 0.000000 -1.000000 3702.dat
1 14 48.870540 -196.213800 10.000580 -0.357145 -0.934048 0.000001 -0.934048 0.357145 0.000001 -0.000001 -0.000001 -1.000000 3703.dat
1 7 9.530580 -61.875580 0.000830 0.000000 0.000000 -1.000000 0.000000 1.000000 0.000000 1.000000 0.000000 0.000000 3673.dat
1 7 39.530210 -192.642200 0.000560 -0.000002 -0.157727 -0.987482 -0.000001 0.987482 -0.157727 1.000000 0.000001 -0.000002 3673.dat
1 14 -31.129610 -196.213800 10.000520 -0.357146 -0.934049 0.000000 -0.934049 0.357146 0.000002 -0.000002 0.000000 -1.000000 3703.dat
1 7 -4.755130 -99.237400 0.000780 0.000000 -0.157726 -0.987482 -0.000002 0.987482 -0.157726 1.000000 0.000002 -0.000001 3673.dat
1 16 16.157530 -143.198000 -19.999500 -0.427366 0.000000 -0.904079 0.904079 -0.000001 -0.427366 -0.000001 -1.000000 0.000001 beam
1 7 25.244570 -230.004100 0.000490 -0.000001 -0.544274 -0.838908 -0.000001 0.838908 -0.544274 1.000000 0.000000 -0.000002 3673.dat
1 7 -69.041560 -267.366000 0.000400 0.000000 0.357960 -0.933738 -0.000002 0.933737 0.357960 1.000000 0.000002 0.000000 3673.dat
0 STEP
1 16 -22.114660 -214.381100 -9.999240 -0.929934 -0.367726 0.000000 -0.367727 0.929934 0.000002 -0.000001 0.000002 -1.000000 submodel group 1
0 STEP
1 7 -90.470430 -323.409200 20.000290 0.000000 0.357960 -0.933737 -0.000002 0.933737 0.357960 1.000000 0.000002 0.000000 3673.dat
1 7 -10.470220 -323.409000 20.000390 -0.000001 0.357146 -0.934049 -0.000001 0.934049 0.357146 1.000000 0.000001 -0.000001 3673.dat
0 STEP
0 NOFILE
0 FILE Beam
0 Beam
0 Name:  Beam
0 Author:  
0 CustomBrick
0 NumOfBricks:  3
1 7 -34.690040 -10.000000 0.000170 0.000000 0.000000 1.000000 -1.000000 0.000000 0.000000 0.000000 -1.000000 0.000000 3651.dat
1 7 28.523320 -10.000000 -0.000500 0.000000 0.000000 -1.000000 -1.000005 0.000000 0.000000 0.000000 1.000000 0.000000 3651.dat
1 0 -0.000030 -10.000010 0.000170 1.000000 0.000000 0.000000 0.000000 0.000000 -1.000000 0.000000 1.000000 0.000000 3705.dat
0 NOFILE
0 FILE SubModel Group 1
0 SubModel Group 1
0 Name:  SubModel Group 1
0 Author:  
0 CustomBrick
0 NumOfBricks:  3
1 7 -18.296060 -31.943740 0.000230 -0.000001 0.000000 1.000000 0.000000 1.000000 0.000000 -1.000000 0.000000 -0.000001 3651.dat
1 7 43.014240 -31.964670 -0.025650 -0.000001 0.000000 -1.000000 0.000000 -1.000000 0.000000 -1.000000 0.000000 0.000001 3651.dat
1 0 11.173940 -31.943740 0.000240 1.000000 0.000000 -0.000001 0.000000 -1.000000 0.000000 -0.000001 0.000000 -1.000000 3705.dat
0 NOFILE
0 FILE SubModel Group 2_Mirrored
0 SubModel Group 2_Mirrored
0 Name:  SubModel Group 2_Mirrored
0 Author:  
0 CustomBrick
0 NumOfBricks:  19
1 14 20.110170 -159.926400 19.999850 -1.000000 0.000002 0.000000 0.000002 1.000000 0.000000 0.000000 0.000000 -1.000000 3703.dat
0 STEP
1 14 -99.890810 125.607300 -19.999550 -1.000000 0.000000 0.000000 0.000000 1.000000 0.000000 0.000000 0.000000 -1.000000 3308.dat
1 7 -159.890800 111.607300 -9.999550 0.000000 0.000000 1.000000 0.000000 1.000000 0.000000 -1.000000 0.000000 0.000000 3673.dat
1 14 -99.890810 101.607300 -19.999550 -1.000000 0.000000 0.000000 0.000000 1.000000 0.000000 0.000000 0.000000 -1.000000 3702.dat
1 14 -119.230800 -22.730900 0.000200 -0.357145 0.934049 -0.000001 0.934049 0.357146 0.000001 0.000002 -0.000001 -1.000000 3703.dat
1 7 -79.890810 111.607300 -9.999550 0.000000 0.000000 1.000000 0.000000 1.000000 0.000000 -1.000000 0.000000 0.000000 3673.dat
1 7 -109.890400 -19.159290 -9.999820 -0.000002 0.157727 0.987483 0.000002 0.987483 -0.157727 -1.000000 0.000001 -0.000002 3673.dat
1 14 -39.230650 -22.730850 0.000140 -0.357145 0.934049 0.000000 0.934049 0.357145 0.000002 0.000002 0.000000 -1.000000 3703.dat
1 7 -65.605090 74.245470 -9.999599 0.000000 0.157726 0.987483 0.000002 0.987483 -0.157726 -1.000000 0.000002 -0.000001 3673.dat
1 16 -87.835620 27.497330 -19.999880 -0.427366 0.000000 0.904079 -0.904079 -0.000001 -0.427366 0.000001 -1.000000 0.000000 beam_mirrored copy
1 7 -95.604800 -56.521260 -9.999889 -0.000002 0.544274 0.838908 0.000001 0.838908 -0.544274 -1.000000 0.000000 -0.000002 3673.dat
1 7 -1.318660 -93.883140 -9.999980 0.000000 -0.357960 0.933737 0.000002 0.933737 0.357960 -1.000000 0.000002 0.000000 3673.dat
0 STEP
1 16 -48.502810 -75.158250 -19.986990 -0.929934 0.367726 0.000000 0.367726 0.929934 0.000002 0.000001 0.000002 -1.000000 submodel group 1_mirrored copy
0 STEP
1 7 20.110230 -149.926300 9.999909 0.000000 -0.357960 0.933737 0.000002 0.933737 0.357960 -1.000000 0.000002 0.000000 3673.dat
1 7 -59.890020 -149.926100 10.000010 -0.000001 -0.357146 0.934049 0.000001 0.934049 0.357146 -1.000000 0.000001 -0.000001 3673.dat
0 STEP
0 NOFILE
0 FILE Beam_Mirrored Copy
0 Beam_Mirrored Copy
0 Name:  Beam_Mirrored Copy
0 Author:  
0 CustomBrick
0 NumOfBricks:  3
1 7 31.606670 -0.000010 0.000410 0.000000 0.000000 -1.000000 1.000000 0.000000 0.000000 0.000000 -1.000000 0.000000 3651.dat
1 7 -31.606660 0.000000 -0.000380 0.000000 0.000000 1.000000 1.000000 0.000000 0.000000 0.000000 1.000000 0.000000 3651.dat
1 0 -3.083310 -0.000010 0.000340 1.000000 0.000000 0.000000 0.000000 0.000000 -1.000000 0.000000 1.000000 0.000000 3705.dat
0 NOFILE
0 FILE SubModel Group 1_Mirrored Copy
0 SubModel Group 1_Mirrored Copy
0 Name:  SubModel Group 1_Mirrored Copy
0 Author:  
0 CustomBrick
0 NumOfBricks:  3
1 7 30.655220 0.010460 0.012940 -0.000001 0.000000 -1.000000 0.000000 1.000000 0.000000 1.000000 0.000000 -0.000001 3651.dat
1 7 -30.655040 -0.010540 -0.012940 -0.000001 0.000000 1.000000 0.000000 -1.000000 0.000000 1.000000 0.000000 0.000001 3651.dat
1 0 1.185220 0.010450 0.012950 1.000000 0.000000 0.000001 0.000000 -1.000000 0.000000 0.000001 0.000000 -1.000000 3705.dat
0 NOFILE
